0 0.4729166666666667 0.9266917293233082 0.21805555555555556 0.11654135338345864
0 0.26666666666666666 0.8458646616541353 0.13333333333333333 0.09022556390977443
0 0.425 0.7800751879699248 0.21666666666666667 0.05639097744360902
0 0.5381944444444444 0.7011278195488722 0.1125 0.04887218045112782
0 0.3826388888888889 0.5921052631578947 0.08750000000000001 0.03383458646616541
0 0.06180555555555556 0.8308270676691729 0.12083333333333333 0.20300751879699247
0 0.2611111111111111 0.5056390977443609 0.08055555555555556 0.04887218045112782
0 0.48888888888888893 0.4849624060150376 0.07222222222222223 0.03759398496240601
0 0.7423611111111111 0.763157894736842 0.0625 0.045112781954887216
0 0.7270833333333334 0.6654135338345865 0.0625 0.03759398496240601
0 0.6763888888888889 0.6165413533834586 0.07777777777777778 0.045112781954887216
0 0.888888888888889 0.9360902255639098 0.22222222222222224 0.12781954887218044
